Datetime: 2023-01-09 16:48:18.541553

 train_N: 4798		test_N: 970



param grid used: 
{'C': [0.01, 0.1, 1.0, 1, 10, 100, 1000, 10000, 1000000.0, 10000000.0], 'penalty': ['l1', 'l2']}

best params: {'C': 0.01, 'penalty': 'l2'}

best estimator: LogisticRegression(C=0.01, max_iter=100000)

Accuracy: 0.9041237113402062

Classification report:               precision    recall  f1-score   support

         0.0       0.90      0.91      0.90       473
         1.0       0.91      0.90      0.91       497

    accuracy                           0.90       970
   macro avg       0.90      0.90      0.90       970
weighted avg       0.90      0.90      0.90       970




--- 279.7679738998413 seconds ---





Datetime: 2023-01-09 17:49:55.039330

 train_N: 4798		test_N: 970



param grid used: 
{'C': [0.01, 0.1, 1.0, 1, 10, 100, 1000, 10000, 1000000.0, 10000000.0], 'gamma': [1e-09, 1e-08, 1e-07, 1e-06, 1e-05, 0.0001, 0.001, 0.01], 'kernel': ['rbf']}

best params: {'C': 10, 'gamma': 0.0001, 'kernel': 'rbf'}

best estimator: SVC(C=10, gamma=0.0001)

Prediction: [0. 1. 1. 1. 1. 0. 1. 1. 0. 0. 1. 0. 1. 0. 1. 1. 1. 0. 0. 1. 1. 0. 0. 1.
 1. 0. 1. 0. 0. 0. 1. 0. 0. 0. 1. 1. 1. 0. 0. 0. 1. 1. 0. 0. 1. 1. 1. 1.
 0. 1. 1. 1. 0. 0. 1. 1. 1. 0. 1. 0. 0. 1. 1. 1. 1. 0. 1. 0. 1. 1. 1. 1.
 0. 1. 1. 0. 0. 1. 1. 1. 0. 0. 0. 0. 0. 0. 1. 0. 1. 1. 1. 0. 0. 1. 0. 0.
 0. 0. 0. 0. 1. 1. 0. 0. 0. 0. 1. 1. 1. 0. 0. 0. 0. 0. 1. 0. 0. 0. 0. 0.
 1. 1. 0. 1. 0. 0. 1. 1. 1. 1. 0. 0. 1. 0. 0. 0. 0. 1. 1. 1. 0. 1. 0. 0.
 0. 1. 1. 0. 0. 1. 1. 0. 1. 1. 0. 0. 1. 0. 1. 0. 0. 1. 0. 0. 0. 0. 0. 1.
 1. 1. 0. 1. 1. 1. 0. 0. 1. 0. 0. 0. 0. 1. 0. 0. 1. 0. 1. 0. 1. 0. 0. 0.
 1. 0. 1. 0. 0. 1. 0. 1. 1. 1. 0. 0. 0. 0. 1. 1. 1. 1. 0. 1. 0. 0. 0. 1.
 1. 1. 0. 0. 0. 1. 1. 1. 0. 1. 0. 0. 0. 0. 1. 1. 1. 0. 1. 1. 0. 0. 0. 1.
 0. 1. 0. 1. 0. 1. 0. 0. 0. 1. 1. 1. 1. 0. 1. 1. 1. 1. 1. 1. 0. 1. 1. 1.
 0. 1. 0. 0. 1. 1. 0. 1. 1. 1. 0. 1. 1. 0. 1. 0. 1. 1. 0. 1. 1. 0. 0. 1.
 0. 0. 1. 1. 0. 1. 0. 1. 1. 0. 1. 0. 0. 1. 1. 1. 0. 1. 0. 0. 0. 1. 1. 1.
 1. 1. 1. 0. 0. 1. 0. 1. 0. 1. 0. 0. 1. 1. 1. 1. 1. 0. 0. 0. 0. 1. 1. 1.
 0. 1. 0. 0. 0. 1. 0. 0. 0. 1. 1. 1. 1. 0. 0. 1. 0. 1. 1. 0. 1. 1. 0. 0.
 0. 0. 0. 0. 0. 1. 0. 1. 0. 0. 1. 1. 1. 0. 1. 1. 1. 0. 0. 0. 1. 0. 0. 0.
 1. 0. 0. 0. 0. 0. 1. 1. 0. 0. 1. 1. 1. 0. 0. 1. 0. 1. 1. 1. 0. 1. 0. 1.
 0. 0. 1. 0. 0. 1. 1. 1. 0. 1. 1. 0. 1. 1. 1. 1. 0. 1. 0. 1. 1. 0. 1. 0.
 0. 0. 1. 0. 0. 1. 1. 1. 1. 0. 1. 1. 0. 0. 0. 1. 1. 1. 0. 1. 1. 1. 1. 1.
 0. 1. 1. 0. 0. 1. 1. 1. 0. 0. 1. 1. 1. 1. 1. 0. 0. 1. 0. 0. 1. 1. 1. 1.
 1. 1. 0. 1. 0. 1. 1. 1. 1. 1. 0. 1. 0. 0. 0. 0. 1. 0. 1. 0. 0. 1. 0. 0.
 0. 1. 1. 0. 0. 1. 0. 1. 1. 1. 0. 0. 1. 0. 0. 1. 1. 1. 1. 1. 1. 0. 1. 0.
 0. 0. 1. 1. 1. 1. 0. 1. 0. 1. 0. 1. 1. 0. 0. 0. 1. 0. 1. 0. 1. 1. 0. 1.
 1. 1. 1. 0. 0. 0. 0. 1. 0. 1. 0. 1. 1. 1. 1. 0. 1. 1. 0. 0. 0. 1. 1. 1.
 1. 1. 1. 0. 1. 1. 1. 1. 0. 1. 0. 0. 1. 1. 0. 1. 0. 1. 0. 1. 1. 0. 0. 1.
 0. 1. 1. 1. 0. 0. 1. 0. 1. 1. 1. 0. 1. 0. 0. 1. 0. 0. 1. 0. 1. 0. 0. 0.
 0. 0. 1. 1. 0. 0. 0. 0. 0. 1. 1. 0. 1. 1. 1. 0. 1. 1. 0. 1. 1. 0. 1. 1.
 1. 1. 1. 1. 0. 0. 0. 0. 1. 0. 1. 0. 0. 1. 1. 1. 0. 1. 0. 0. 0. 0. 0. 0.
 0. 1. 0. 0. 1. 1. 1. 1. 0. 1. 0. 1. 1. 0. 0. 0. 0. 0. 0. 0. 0. 0. 1. 1.
 1. 0. 1. 1. 0. 1. 1. 1. 1. 0. 1. 1. 0. 1. 1. 1. 0. 1. 0. 1. 0. 0. 1. 0.
 0. 1. 1. 1. 1. 0. 0. 1. 0. 1. 0. 0. 0. 0. 1. 1. 1. 1. 0. 0. 1. 0. 0. 1.
 0. 1. 0. 0. 0. 0. 1. 0. 0. 0. 0. 0. 1. 0. 1. 1. 1. 0. 0. 1. 1. 0. 1. 1.
 1. 0. 1. 1. 1. 0. 1. 0. 0. 0. 1. 0. 1. 1. 0. 1. 1. 0. 0. 1. 0. 1. 1. 1.
 1. 0. 0. 0. 1. 0. 1. 1. 1. 1. 0. 0. 1. 1. 0. 0. 1. 0. 0. 0. 0. 1. 0. 0.
 0. 0. 0. 1. 0. 1. 1. 0. 1. 0. 1. 1. 0. 0. 1. 0. 1. 0. 0. 0. 1. 1. 1. 1.
 1. 1. 0. 1. 0. 1. 1. 0. 0. 1. 0. 1. 0. 0. 1. 0. 1. 0. 0. 1. 0. 0. 0. 0.
 0. 1. 0. 0. 0. 0. 1. 0. 1. 1. 1. 1. 0. 1. 0. 0. 0. 0. 0. 0. 1. 1. 1. 0.
 0. 0. 0. 1. 0. 1. 0. 1. 0. 0. 0. 0. 0. 0. 1. 0. 0. 1. 1. 1. 1. 0. 0. 0.
 0. 1. 0. 1. 1. 0. 1. 0. 1. 1. 0. 0. 0. 0. 1. 1. 0. 1. 1. 0. 1. 0. 1. 0.
 1. 1. 0. 0. 1. 0. 1. 1. 1. 0. 1. 1. 0. 1. 0. 0. 0. 1. 0. 1. 1. 1. 1. 0.
 1. 0. 1. 1. 0. 1. 1. 1. 1. 1.]

Accuracy: 0.9

Classification report:               precision    recall  f1-score   support

         0.0       0.89      0.90      0.90       473
         1.0       0.90      0.90      0.90       497

    accuracy                           0.90       970
   macro avg       0.90      0.90      0.90       970
weighted avg       0.90      0.90      0.90       970




--- 3053.088775873184 seconds ---





Datetime: 2023-01-09 21:25:41.463764

 train_N: 4798		test_N: 970



param grid used: 
{'n_neighbors': [1, 3, 5, 7, 9, 11, 13], 'p': [1, 2, 3, 4, 5]}

best params: {'n_neighbors': 13, 'p': 1}

best estimator: KNeighborsClassifier(n_neighbors=13, p=1)

Accuracy: 0.8886597938144329

Classification report:               precision    recall  f1-score   support

         0.0       0.89      0.88      0.89       473
         1.0       0.89      0.90      0.89       497

    accuracy                           0.89       970
   macro avg       0.89      0.89      0.89       970
weighted avg       0.89      0.89      0.89       970




--- 635.6653099060059 seconds ---





Datetime: 2023-01-11 20:59:54.600002

 train_N: 4798		test_N: 970



--- 333.00359416007996 seconds ---





Datetime: 2023-01-11 21:07:21.827582

 train_N: 4798		test_N: 970



--- 309.9169981479645 seconds ---





Datetime: 2023-01-12 01:56:19.229885

 train_N: 4798		test_N: 970



--- 310.7160017490387 seconds ---





Datetime: 2023-01-12 03:06:00.084291

 train_N: 4798		test_N: 970



param grid used: 
{'C': array([1.e-04, 1.e-02, 1.e+00, 1.e+02, 1.e+04, 1.e+06]), 'gamma': array([1.e-08, 1.e-06, 1.e-04, 1.e-02, 1.e+00, 1.e+02, 1.e+04]), 'kernel': ['rbf']}

best params: {'C': 10000.0, 'gamma': 1e-06, 'kernel': 'rbf'}

best estimator: SVC(C=10000.0, gamma=1e-06)

Accuracy: 0.9020618556701031

Classification report:               precision    recall  f1-score   support

         0.0       0.90      0.90      0.90       473
         1.0       0.91      0.90      0.90       497

    accuracy                           0.90       970
   macro avg       0.90      0.90      0.90       970
weighted avg       0.90      0.90      0.90       970




param grid used: 
{'n_neighbors': array([1, 2, 3, 4, 5, 6, 7, 8, 9])}

best params: {'n_neighbors': 9}

best estimator: KNeighborsClassifier(n_neighbors=9)

Accuracy: 0.8793814432989691

Classification report:               precision    recall  f1-score   support

         0.0       0.88      0.87      0.88       473
         1.0       0.88      0.89      0.88       497

    accuracy                           0.88       970
   macro avg       0.88      0.88      0.88       970
weighted avg       0.88      0.88      0.88       970




param grid used: 
{'n_estimators': array([ 10,  20,  30,  40,  50,  60,  70,  80,  90, 100, 110, 120, 130,
       140, 150, 160, 170, 180, 190, 200, 210, 220, 230, 240, 250, 260,
       270, 280, 290, 300, 310, 320, 330, 340, 350, 360, 370, 380, 390,
       400, 410, 420, 430, 440, 450, 460, 470, 480, 490, 500, 510, 520,
       530, 540, 550, 560, 570, 580, 590, 600, 610, 620, 630, 640, 650,
       660, 670, 680, 690, 700, 710, 720, 730, 740, 750, 760, 770, 780,
       790, 800, 810, 820, 830, 840, 850, 860, 870, 880, 890, 900, 910,
       920, 930, 940, 950, 960, 970, 980, 990])}

best params: {'n_estimators': 250}

best estimator: RandomForestClassifier(n_estimators=250)

Accuracy: 0.8969072164948454

Classification report:               precision    recall  f1-score   support

         0.0       0.88      0.91      0.90       473
         1.0       0.91      0.89      0.90       497

    accuracy                           0.90       970
   macro avg       0.90      0.90      0.90       970
weighted avg       0.90      0.90      0.90       970




--- 3965.669483423233 seconds ---






fetching training data

fetching test data


		data size: 194  10Datetime: 2023-01-18 18:29:17.945194

 train_N: 194		test_N: 10

Accuracy: 1.0

Classification report:               precision    recall  f1-score   support

         0.0       1.00      1.00      1.00         3
         1.0       1.00      1.00      1.00         7

    accuracy                           1.00        10
   macro avg       1.00      1.00      1.00        10
weighted avg       1.00      1.00      1.00        10




--- 8.243014812469482 seconds ---

